$ANSIBLE_VAULT;1.1;AES256
66363233326634306135316264656261383733353039333634616366353765326631336634333065
6461663535356239323137643861353539346536356239380a666465323264623566626333646631
30623062643531636336333166383166393164633732663036353030353734346161383231663564
6264646230373231300a393463616238396630373736653065373066636563303165353535366363
30356433323339333765363966386639363135326134653632306463303431366535313863643237
64373361383438323637396435343963666439623265636630396537333937366531616436633462
39323337663231303539313762643033366231333865346432323139623037353139316461633339
66356230653231383237333261616365626662393461363962656362373930373330326263373061
33323638383137633135366132356132336562656437656166643734663139656234383737316365
39343738346332656333613134343430643437396662383237336237393938323466653434643037
31363862366637636432613030333738356236656435613334316438653034616131396434316561
37646262343763346130363933363335646232363830623737663033383565643532323331346230
36623130633931613962643135663966656533313162646565306337393462393563303133633033
38386336643536353632313938386666396334303866633834353661396562343263363934643134
33626238333239613738363138383862363463626363663433633266336131623335373935343562
62616438633166646265323065363239393261623364636634386561616136353833303864343737
31646432336663393335653730383934323133333235313063353431396431623661316233316535
30386332343433323136303861363565313866363065373333353830643732346466646538383062
32313666333737326563306563613532633933366533363965326437313464653731663138303062
35616665383663663832373333663238666335363761613433643837336536376563656662663864
33653334623663373334386263343039306364386132333931373038333835316564393938613362
31353262666465363931396163366536663737306335626333363130383831316334323136313733
35323135633935373630616365313064303638336566666637383463383461326138663238653865
31643939396432636235376166396334336366303561313262323832346132643334383833373030
63316235653339336235303539656330383537306564396564613933623234386437393632623335
31663337613433306631633531313039626434313639313163373235313331346265623063313535
35353565363739626236393738346563643132396637343463636431306338333431323966366631
39313665356431323433363837316337626465623130616565376664666132663335623934323262
33373362643436643336326531353938303839303535303463323162393934653132326233666266
37323735303534306332333539643762663563393362393366333563316334383764663931373963
35633136306632633635366163613930303338643930636262303263316363303336663933386530
61376638313962633230656262656636333366373063353866356562373938643261303034313666
35326438653834356138323038343536373161633137626461313361373531313636323966353966
63303961333962613038616131386634633164346263613865346466646235333836653936623437
36616262306636316138613936393739383335333139663835613262343164353863306439313865
63393633303535613836666535363365623939353735623964623366653238626561626137353166
34326232333861373263613732653864316133353834633837323833323538616536626432653161
31363439363531363934643366656230623265323334623666363331353363333031653263393466
33386464353230666630333239353364613564336535333034626435303263653134386261346435
37623839396638363863376431356630653664643138363735366331313466333430643131333130
36393265626134623861376633393332343966626639636134356531656361306331363936666464
30373834343166326533333063626662623635623066653962643530353737353030313465386565
66323762316330323337323832666261323536643630323563636135323731383736303662363035
63326364633635343765663136666365383966363262306538386465653235353630346266613236
39386539353066376662663662356237366531366232636531343332646432353761343035333637
30316236336134336565643862346362313833306439306637333630313336393037653935656632
38653462623863316439373134356264383732613262656266343530333133626264336636626332
35393032306664343462353536386263646661616330623961626637303032646661333262616266
33323162383739356562393137613364383731626631393566343636396465633135373638343666
63343436336665656463643565366132303063303935643162383666336436343263393064643235
66613835333330363063393730613662316561336236333832336136383763326234633032643731
36663662363763323734616464643565616435613966353538653565323134653639666238306133
35646266626231353064636365383938613937616235333665383837623063613139663638633335
33356536666562366436633162363431363935383839633266656535373233643937623137313666
33323635313666346464383138393535643639646236383462386563326333646661373235336433
38326636356364666538613231336536653135666233343531663565393332613639623333363635
33356663373165643764363264336536386637363834336639316363663630623035633466636165
64353838656332363862343736313235636531623337636464343835646462623938363436316134
39333531613466616639646530366632643136303162613038396638643664643933313864363832
64656230316232366536353266333034303632613832323066646532353333663738636462313039
61653035656566383663303963303466643034613436383564643163386234336364333165306633
38326562313533313330613930623832366638313435613831323835316139383534363937306261
39386537643833333032306339383530666432643331333935373531396433316234333737376539
38303563616362643136376664613132303633383534643633353662636462303864313764353762
37303232663933313235623237383665363764353938363236656638663537316266643764373637
31313962613836653664636636626636643065633164306638623632636462366236376161313636
62616562633339646463336163353736626232616636666466313339336336663237616562363666
34353430613263386466376239343032646635363734343637343438623730333631393639653835
38653534336430626132363632333535653032613365346531363530313536303530323831393035
63613633356231306533353061383936643136643936643130633937343166303064393162313830
61383231623632313564386561613461323039383032373230633466326535646664616264636438
37386161613066346462393732376139326432366237316236353733323361653538653962333961
63373132393737376534383862613263623465663064646132643863396635343164643661336464
35333330663234363930363331633834393463646438396161396234396536666462353838633931
35636138623536313465653665623637313264346665636433613533326231363036373631613435
61346231346665653139333433626333636537613932643135316137626339636632333661643662
30653363636666316637333165313666663561393239663762666233393738646336373635306230
66636430663536613663316234623137356264363761383638306362353838613334323836323030
31353039616161643533616237613064333665353736663262316564343166633236376662366161
38666530323739333465646134616636343130333166636639636539336664623133646134623136
31383866396138303332663830636532313433326131313437373963373630656638623538356638
66616164663038343038613137376232306439643231636438313862633062656662306634633730
61303832386430333336373564353062643864653039386532613335346163626632313633636563
30666335346165643863333230386232636161336265633536373862323135633430633564383763
30343637643533643561313939643333383864396331356263396266356431376633646432396536
39323536333037353137336630323261306338653762633664626131316436383265393361653561
61386636313139366131366439623130643438333166386536623264653135636161623361383533
31633361653636643463
